 0.000000000000E+00  0.100000000000E+01 -0.394926855577E+00
 0.100000000000E+00  0.959479575898E+00 -0.414000175531E+00
 0.200000000000E+00  0.917505068877E+00 -0.423919454956E+00
 0.300000000000E+00  0.875019079096E+00 -0.424135861758E+00
 0.400000000000E+00  0.833020630360E+00 -0.414069051674E+00
 0.500000000000E+00  0.792568546021E+00 -0.393102544572E+00
 0.600000000000E+00  0.754785322325E+00 -0.360578443438E+00
 0.700000000000E+00  0.720861548906E+00 -0.315791846368E+00
 0.800000000000E+00  0.692060881117E+00 -0.257985512828E+00
 0.900000000000E+00  0.669725498893E+00 -0.186345639266E+00
 0.100000000000E+01  0.655281882189E+00 -0.100000001490E+00
