 0.000000000000E+00 -0.121783702057E+01  0.106783701461E+01  0.129973897176E+01
 0.125000000000E+00 -0.106416173475E+01  0.140466820595E+01  0.161865622406E+01
 0.250000000000E+00 -0.863270076770E+00  0.182259984981E+01  0.182195849552E+01
 0.375000000000E+00 -0.605648239030E+00  0.230849690503E+01  0.177189750927E+01
 0.500000000000E+00 -0.284753072073E+00  0.282694231057E+01  0.130479496716E+01
 0.625000000000E+00  0.999516834098E-01  0.331750655398E+01  0.295028011017E+00
 0.750000000000E+00  0.540232142138E+00  0.370279430152E+01 -0.124709302865E+01
 0.875000000000E+00  0.101817909600E+01  0.390988480573E+01 -0.310237452619E+01
 0.100000000000E+01  0.150850379792E+01  0.389794948866E+01 -0.487786744636E+01
 0.112500000000E+01  0.198385195158E+01  0.367606771065E+01 -0.616772442271E+01
 0.125000000000E+01  0.242101689021E+01  0.329884303827E+01 -0.673813711485E+01
 0.137500000000E+01  0.280529569466E+01  0.284300376602E+01 -0.660257795599E+01
 0.150000000000E+01  0.313152396728E+01  0.238054032736E+01 -0.595650235906E+01
 0.162500000000E+01  0.340229809039E+01  0.196203198180E+01 -0.505154324410E+01
 0.175000000000E+01  0.362496548642E+01  0.161326563700E+01 -0.409855168975E+01
 0.187500000000E+01  0.380879302091E+01  0.134039092215E+01 -0.323038023940E+01
 0.200000000000E+01  0.396298984526E+01  0.113758312754E+01 -0.250811813187E+01
 0.212500000000E+01  0.409563943845E+01  0.993558272483E+00 -0.194405564640E+01
 0.225000000000E+01  0.421330632953E+01  0.895818755089E+00 -0.152414487451E+01
 0.237500000000E+01  0.432104182366E+01  0.832890641465E+00 -0.122376366760E+01
 0.250000000000E+01  0.442257832112E+01  0.795216356577E+00 -0.101674954432E+01
 0.262500000000E+01  0.452058312486E+01  0.775297269138E+00 -0.879673748017E+00
 0.275000000000E+01  0.461690503762E+01  0.767486513057E+00 -0.793320997210E+00
 0.287500000000E+01  0.471278581984E+01  0.767660766645E+00 -0.742754239824E+00
 0.300000000000E+01  0.480902941357E+01  0.772885001916E+00 -0.716779350770E+00
 0.312500000000E+01  0.490613154450E+01  0.781118217158E+00 -0.707235728028E+00
 0.325000000000E+01  0.500437593987E+01  0.790974204731E+00 -0.708309776337E+00
 0.337500000000E+01  0.510390404614E+01  0.801535828655E+00 -0.715946970122E+00
 0.350000000000E+01  0.520476449735E+01  0.812215299529E+00 -0.727379645083E+00
 0.362500000000E+01  0.530694752767E+01  0.822651535570E+00 -0.740762461300E+00
 0.375000000000E+01  0.541040843171E+01  0.832636271383E+00 -0.754898689635E+00
 0.387500000000E+01  0.551508320958E+01  0.842061843936E+00 -0.769039146769E+00
 0.400000000000E+01  0.562089873695E+01  0.850884970047E+00 -0.782737307751E+00
 0.412500000000E+01  0.572777917065E+01  0.859102095421E+00 -0.795746792358E+00
 0.425000000000E+01  0.583564981660E+01  0.866732964259E+00 -0.807950156457E+00
 0.437500000000E+01  0.594443932443E+01  0.873809922162E+00 -0.819310372660E+00
 0.450000000000E+01  0.605408080599E+01  0.880371141912E+00 -0.829838449970E+00
 0.462500000000E+01  0.616451228268E+01  0.886456479642E+00 -0.839572316096E+00
 0.475000000000E+01  0.627567673047E+01  0.892105056399E+00 -0.848563405383E+00
 0.487500000000E+01  0.638752189685E+01  0.897353944116E+00 -0.856868409900E+00
 0.500000000000E+01  0.650000000000E+01  0.902237538636E+00 -0.864543526001E+00
